# PIMCID: 234567891
#  nodes  elems                 w             thick             young           poisson            radius          pressure
       0      1  1.51849823376655451E+02  5.00000000000000000E+00  2.03943241999999991E+04  2.89999999999999980E-01  2.50000000000000000E+02  1.40720800000000007E-01
       0      1  8.78760551948237634E+01  6.00000000000000000E+00  2.03943241999999991E+04  2.89999999999999980E-01  2.50000000000000000E+02  1.40720800000000007E-01
       0      1  5.53388569156907693E+01  7.00000000000000000E+00  2.03943241999999991E+04  2.89999999999999980E-01  2.50000000000000000E+02  1.40720800000000007E-01
       0      1  3.70727107853162750E+01  8.00000000000000000E+00  2.03943241999999991E+04  2.89999999999999980E-01  2.50000000000000000E+02  1.40720800000000007E-01
       0      1  2.60373496873551886E+01  9.00000000000000000E+00  2.03943241999999991E+04  2.89999999999999980E-01  2.50000000000000000E+02  1.40720800000000007E-01
       0      1  1.89812279220819313E+01  1.00000000000000000E+01  2.03943241999999991E+04  2.89999999999999980E-01  2.50000000000000000E+02  1.40720800000000007E-01
       0      1  1.42608774771464564E+01  1.10000000000000000E+01  2.03943241999999991E+04  2.89999999999999980E-01  2.50000000000000000E+02  1.40720800000000007E-01
       0      1  1.09845068993529704E+01  1.20000000000000000E+01  2.03943241999999991E+04  2.89999999999999980E-01  2.50000000000000000E+02  1.40720800000000007E-01
       0      1  8.63961216298677037E+00  1.30000000000000000E+01  2.03943241999999991E+04  2.89999999999999980E-01  2.50000000000000000E+02  1.40720800000000007E-01
       0      1  6.91735711446134616E+00  1.40000000000000000E+01  2.03943241999999991E+04  2.89999999999999980E-01  2.50000000000000000E+02  1.40720800000000007E-01
       0      1  5.62406753246872082E+00  1.50000000000000000E+01  2.03943241999999991E+04  2.89999999999999980E-01  2.50000000000000000E+02  1.40720800000000007E-01
       0      1  4.63408884816453437E+00  1.60000000000000000E+01  2.03943241999999991E+04  2.89999999999999980E-01  2.50000000000000000E+02  1.40720800000000007E-01
       0      1  3.86346996175085122E+00  1.70000000000000000E+01  2.03943241999999991E+04  2.89999999999999980E-01  2.50000000000000000E+02  1.40720800000000007E-01
       0      1  3.25466871091939858E+00  1.80000000000000000E+01  2.03943241999999991E+04  2.89999999999999980E-01  2.50000000000000000E+02  1.40720800000000007E-01
       0      1  2.76734624902783688E+00  1.90000000000000000E+01  2.03943241999999991E+04  2.89999999999999980E-01  2.50000000000000000E+02  1.40720800000000007E-01
       0      1  2.37265349026024142E+00  2.00000000000000000E+01  2.03943241999999991E+04  2.89999999999999980E-01  2.50000000000000000E+02  1.40720800000000007E-01
       0      1  2.04958729317373223E+00  2.10000000000000000E+01  2.03943241999999991E+04  2.89999999999999980E-01  2.50000000000000000E+02  1.40720800000000007E-01
       0      1  1.78260968464330705E+00  2.20000000000000000E+01  2.03943241999999991E+04  2.89999999999999980E-01  2.50000000000000000E+02  1.40720800000000007E-01
       0      1  1.56005818378252092E+00  2.30000000000000000E+01  2.03943241999999991E+04  2.89999999999999980E-01  2.50000000000000000E+02  1.40720800000000007E-01
       0      1  1.37306336241912130E+00  2.40000000000000000E+01  2.03943241999999991E+04  2.89999999999999980E-01  2.50000000000000000E+02  1.40720800000000007E-01
       0      1  1.21479858701324361E+00  2.50000000000000000E+01  2.03943241999999991E+04  2.89999999999999980E-01  2.50000000000000000E+02  1.40720800000000007E-01
       0      1  1.07995152037334630E+00  2.60000000000000000E+01  2.03943241999999991E+04  2.89999999999999980E-01  2.50000000000000000E+02  1.40720800000000007E-01
       0      1  9.64346284716858904E-01  2.70000000000000000E+01  2.03943241999999991E+04  2.89999999999999980E-01  2.50000000000000000E+02  1.40720800000000007E-01
       0      1  8.64669639307668270E-01  2.80000000000000000E+01  2.03943241999999991E+04  2.89999999999999980E-01  2.50000000000000000E+02  1.40720800000000007E-01
       0      1  7.78270036577224711E-01  2.90000000000000000E+01  2.03943241999999991E+04  2.89999999999999980E-01  2.50000000000000000E+02  1.40720800000000007E-01
       0      1  7.03008441558590103E-01  3.00000000000000000E+01  2.03943241999999991E+04  2.89999999999999980E-01  2.50000000000000000E+02  1.40720800000000007E-01
       0      1  6.37146383877074673E-01  3.10000000000000000E+01  2.03943241999999991E+04  2.89999999999999980E-01  2.50000000000000000E+02  1.40720800000000007E-01
       0      1  5.79261106020566796E-01  3.20000000000000000E+01  2.03943241999999991E+04  2.89999999999999980E-01  2.50000000000000000E+02  1.40720800000000007E-01
       0      1  5.28180647301720541E-01  3.30000000000000000E+01  2.03943241999999991E+04  2.89999999999999980E-01  2.50000000000000000E+02  1.40720800000000007E-01
       0      1  4.82933745218856403E-01  3.40000000000000000E+01  2.03943241999999991E+04  2.89999999999999980E-01  2.50000000000000000E+02  1.40720800000000007E-01
       0      1  4.42710855325526120E-01  3.50000000000000000E+01  2.03943241999999991E+04  2.89999999999999980E-01  2.50000000000000000E+02  1.40720800000000007E-01
       0      1  4.06833588864924822E-01  3.60000000000000000E+01  2.03943241999999991E+04  2.89999999999999980E-01  2.50000000000000000E+02  1.40720800000000007E-01
       0      1  3.74730577104651907E-01  3.70000000000000000E+01  2.03943241999999991E+04  2.89999999999999980E-01  2.50000000000000000E+02  1.40720800000000007E-01
       0      1  3.45918281128479610E-01  3.80000000000000000E+01  2.03943241999999991E+04  2.89999999999999980E-01  2.50000000000000000E+02  1.40720800000000007E-01
       0      1  3.19985635666176660E-01  3.90000000000000000E+01  2.03943241999999991E+04  2.89999999999999980E-01  2.50000000000000000E+02  1.40720800000000007E-01
       0      1  2.96581686282530177E-01  4.00000000000000000E+01  2.03943241999999991E+04  2.89999999999999980E-01  2.50000000000000000E+02  1.40720800000000007E-01
       0      1  2.75405579171543236E-01  4.10000000000000000E+01  2.03943241999999991E+04  2.89999999999999980E-01  2.50000000000000000E+02  1.40720800000000007E-01
       0      1  2.56198411646716528E-01  4.20000000000000000E+01  2.03943241999999991E+04  2.89999999999999980E-01  2.50000000000000000E+02  1.40720800000000007E-01
       0      1  2.38736563096103888E-01  4.30000000000000000E+01  2.03943241999999991E+04  2.89999999999999980E-01  2.50000000000000000E+02  1.40720800000000007E-01
       0      1  2.22826210580413381E-01  4.40000000000000000E+01  2.03943241999999991E+04  2.89999999999999980E-01  2.50000000000000000E+02  1.40720800000000007E-01
       0      1  2.08298797498841504E-01  4.50000000000000000E+01  2.03943241999999991E+04  2.89999999999999980E-01  2.50000000000000000E+02  1.40720800000000007E-01
       0      1  1.95007272972815116E-01  4.60000000000000000E+01  2.03943241999999991E+04  2.89999999999999980E-01  2.50000000000000000E+02  1.40720800000000007E-01
       0      1  1.82822957553547216E-01  4.70000000000000000E+01  2.03943241999999991E+04  2.89999999999999980E-01  2.50000000000000000E+02  1.40720800000000007E-01
       0      1  1.71632920302390163E-01  4.80000000000000000E+01  2.03943241999999991E+04  2.89999999999999980E-01  2.50000000000000000E+02  1.40720800000000007E-01
       0      1  1.61337775264404570E-01  4.90000000000000000E+01  2.03943241999999991E+04  2.89999999999999980E-01  2.50000000000000000E+02  1.40720800000000007E-01
       0      1  1.51849823376655452E-01  5.00000000000000000E+01  2.03943241999999991E+04  2.89999999999999980E-01  2.50000000000000000E+02  1.40720800000000007E-01
       0      1  1.43091480064846344E-01  5.10000000000000000E+01  2.03943241999999991E+04  2.89999999999999980E-01  2.50000000000000000E+02  1.40720800000000007E-01
       0      1  1.34993940046668287E-01  5.20000000000000000E+01  2.03943241999999991E+04  2.89999999999999980E-01  2.50000000000000000E+02  1.40720800000000007E-01
       0      1  1.27496039832089125E-01  5.30000000000000000E+01  2.03943241999999991E+04  2.89999999999999980E-01  2.50000000000000000E+02  1.40720800000000007E-01
       0      1  1.20543285589607363E-01  5.40000000000000000E+01  2.03943241999999991E+04  2.89999999999999980E-01  2.50000000000000000E+02  1.40720800000000007E-01
       0      1  1.14087019817171648E-01  5.50000000000000000E+01  2.03943241999999991E+04  2.89999999999999980E-01  2.50000000000000000E+02  1.40720800000000007E-01
       0      1  1.08083704913458534E-01  5.60000000000000000E+01  2.03943241999999991E+04  2.89999999999999980E-01  2.50000000000000000E+02  1.40720800000000007E-01
       0      1  1.02494305519549508E-01  5.70000000000000000E+01  2.03943241999999991E+04  2.89999999999999980E-01  2.50000000000000000E+02  1.40720800000000007E-01
       0      1  9.72837545721530889E-02  5.80000000000000000E+01  2.03943241999999991E+04  2.89999999999999980E-01  2.50000000000000000E+02  1.40720800000000007E-01
       0      1  9.24204905179299430E-02  5.90000000000000000E+01  2.03943241999999991E+04  2.89999999999999980E-01  2.50000000000000000E+02  1.40720800000000007E-01
       0      1  8.78760551948237628E-02  6.00000000000000000E+01  2.03943241999999991E+04  2.89999999999999980E-01  2.50000000000000000E+02  1.40720800000000007E-01
       0      1  8.36247435780172466E-02  6.10000000000000000E+01  2.03943241999999991E+04  2.89999999999999980E-01  2.50000000000000000E+02  1.40720800000000007E-01
       0      1  7.96432979846343342E-02  6.20000000000000000E+01  2.03943241999999991E+04  2.89999999999999980E-01  2.50000000000000000E+02  1.40720800000000007E-01
       0      1  7.59106404879160007E-02  6.30000000000000000E+01  2.03943241999999991E+04  2.89999999999999980E-01  2.50000000000000000E+02  1.40720800000000007E-01
       0      1  7.24076382525708495E-02  6.40000000000000000E+01  2.03943241999999991E+04  2.89999999999999980E-01  2.50000000000000000E+02  1.40720800000000007E-01
       0      1  6.91168973038941564E-02  6.50000000000000000E+01  2.03943241999999991E+04  2.89999999999999980E-01  2.50000000000000000E+02  1.40720800000000007E-01
       0      1  6.60225809127150676E-02  6.60000000000000000E+01  2.03943241999999991E+04  2.89999999999999980E-01  2.50000000000000000E+02  1.40720800000000007E-01
       0      1  6.31102493394530978E-02  6.70000000000000000E+01  2.03943241999999991E+04  2.89999999999999980E-01  2.50000000000000000E+02  1.40720800000000007E-01
       0      1  6.03667181523570504E-02  6.80000000000000000E+01  2.03943241999999991E+04  2.89999999999999980E-01  2.50000000000000000E+02  1.40720800000000007E-01
       0      1  5.77799327326859596E-02  6.90000000000000000E+01  2.03943241999999991E+04  2.89999999999999980E-01  2.50000000000000000E+02  1.40720800000000007E-01
       0      1  5.53388569156907650E-02  7.00000000000000000E+01  2.03943241999999991E+04  2.89999999999999980E-01  2.50000000000000000E+02  1.40720800000000007E-01
       0      1  5.30333740010279983E-02  7.10000000000000000E+01  2.03943241999999991E+04  2.89999999999999980E-01  2.50000000000000000E+02  1.40720800000000007E-01
       0      1  5.08541986081156028E-02  7.20000000000000000E+01  2.03943241999999991E+04  2.89999999999999980E-01  2.50000000000000000E+02  1.40720800000000007E-01
       0      1  4.87927980578790471E-02  7.30000000000000000E+01  2.03943241999999991E+04  2.89999999999999980E-01  2.50000000000000000E+02  1.40720800000000007E-01
       0      1  4.68413221380814884E-02  7.40000000000000000E+01  2.03943241999999991E+04  2.89999999999999980E-01  2.50000000000000000E+02  1.40720800000000007E-01
       0      1  4.49925402597497678E-02  7.50000000000000000E+01  2.03943241999999991E+04  2.89999999999999980E-01  2.50000000000000000E+02  1.40720800000000007E-01
       0      1  4.32397851410599512E-02  7.60000000000000000E+01  2.03943241999999991E+04  2.89999999999999980E-01  2.50000000000000000E+02  1.40720800000000007E-01
       0      1  4.15769022657331080E-02  7.70000000000000000E+01  2.03943241999999991E+04  2.89999999999999980E-01  2.50000000000000000E+02  1.40720800000000007E-01
       0      1  3.99982044582720825E-02  7.80000000000000000E+01  2.03943241999999991E+04  2.89999999999999980E-01  2.50000000000000000E+02  1.40720800000000007E-01
       0      1  3.84984310005535707E-02  7.90000000000000000E+01  2.03943241999999991E+04  2.89999999999999980E-01  2.50000000000000000E+02  1.40720800000000007E-01
       0      1  3.70727107853162721E-02  8.00000000000000000E+01  2.03943241999999991E+04  2.89999999999999980E-01  2.50000000000000000E+02  1.40720800000000007E-01
       0      1  3.57165290635873614E-02  8.10000000000000000E+01  2.03943241999999991E+04  2.89999999999999980E-01  2.50000000000000000E+02  1.40720800000000007E-01
       0      1  3.44256973964429044E-02  8.20000000000000000E+01  2.03943241999999991E+04  2.89999999999999980E-01  2.50000000000000000E+02  1.40720800000000007E-01
       0      1  3.31963264678664105E-02  8.30000000000000000E+01  2.03943241999999991E+04  2.89999999999999980E-01  2.50000000000000000E+02  1.40720800000000007E-01
       0      1  3.20248014558395661E-02  8.40000000000000000E+01  2.03943241999999991E+04  2.89999999999999980E-01  2.50000000000000000E+02  1.40720800000000007E-01
       0      1  3.09077596940068103E-02  8.50000000000000000E+01  2.03943241999999991E+04  2.89999999999999980E-01  2.50000000000000000E+02  1.40720800000000007E-01
       0      1  2.98420703870129859E-02  8.60000000000000000E+01  2.03943241999999991E+04  2.89999999999999980E-01  2.50000000000000000E+02  1.40720800000000007E-01
       0      1  2.88248161695268401E-02  8.70000000000000000E+01  2.03943241999999991E+04  2.89999999999999980E-01  2.50000000000000000E+02  1.40720800000000007E-01
       0      1  2.78532763225516726E-02  8.80000000000000000E+01  2.03943241999999991E+04  2.89999999999999980E-01  2.50000000000000000E+02  1.40720800000000007E-01
       0      1  2.69249114813302909E-02  8.90000000000000000E+01  2.03943241999999991E+04  2.89999999999999980E-01  2.50000000000000000E+02  1.40720800000000007E-01
       0      1  2.60373496873551880E-02  9.00000000000000000E+01  2.03943241999999991E+04  2.89999999999999980E-01  2.50000000000000000E+02  1.40720800000000007E-01
       0      1  2.51883736530226533E-02  9.10000000000000000E+01  2.03943241999999991E+04  2.89999999999999980E-01  2.50000000000000000E+02  1.40720800000000007E-01
       0      1  2.43759091216018894E-02  9.20000000000000000E+01  2.03943241999999991E+04  2.89999999999999980E-01  2.50000000000000000E+02  1.40720800000000007E-01
       0      1  2.35980142176694350E-02  9.30000000000000000E+01  2.03943241999999991E+04  2.89999999999999980E-01  2.50000000000000000E+02  1.40720800000000007E-01
       0      1  2.28528696941934020E-02  9.40000000000000000E+01  2.03943241999999991E+04  2.89999999999999980E-01  2.50000000000000000E+02  1.40720800000000007E-01
       0      1  2.21387699922226955E-02  9.50000000000000000E+01  2.03943241999999991E+04  2.89999999999999980E-01  2.50000000000000000E+02  1.40720800000000007E-01
       0      1  2.14541150377987704E-02  9.60000000000000000E+01  2.03943241999999991E+04  2.89999999999999980E-01  2.50000000000000000E+02  1.40720800000000007E-01
       0      1  2.07974027083982251E-02  9.70000000000000000E+01  2.03943241999999991E+04  2.89999999999999980E-01  2.50000000000000000E+02  1.40720800000000007E-01
       0      1  2.01672219080505713E-02  9.80000000000000000E+01  2.03943241999999991E+04  2.89999999999999980E-01  2.50000000000000000E+02  1.40720800000000007E-01
       0      1  1.95622461963600204E-02  9.90000000000000000E+01  2.03943241999999991E+04  2.89999999999999980E-01  2.50000000000000000E+02  1.40720800000000007E-01
       0      1  1.89812279220819315E-02  1.00000000000000000E+02  2.03943241999999991E+04  2.89999999999999980E-01  2.50000000000000000E+02  1.40720800000000007E-01
