# PIMCID: 234567891
#  nodes  elems                 w             thick             young           poisson            radius          pressure
       0      1  4.95499924425000060E+00  2.50000000000000000E+01  5.00000000000000000E+03  2.89999999999999980E-01  2.50000000000000000E+02  1.40720800000000007E-01
       0      1  4.62778231262428719E+00  2.50000000000000000E+01  5.35353535399999964E+03  2.89999999999999980E-01  2.50000000000000000E+02  1.40720800000000007E-01
       0      1  4.34110553262679311E+00  2.50000000000000000E+01  5.70707070699999986E+03  2.89999999999999980E-01  2.50000000000000000E+02  1.40720800000000007E-01
       0      1  4.08787437624053762E+00  2.50000000000000000E+01  6.06060606100000041E+03  2.89999999999999980E-01  2.50000000000000000E+02  1.40720800000000007E-01
       0      1  3.86255846607531650E+00  2.50000000000000000E+01  6.41414141399999971E+03  2.89999999999999980E-01  2.50000000000000000E+02  1.40720800000000007E-01
       0      1  3.66078302356209706E+00  2.50000000000000000E+01  6.76767676800000027E+03  2.89999999999999980E-01  2.50000000000000000E+02  1.40720800000000007E-01
       0      1  3.47904202266214169E+00  2.50000000000000000E+01  7.12121212099999957E+03  2.89999999999999980E-01  2.50000000000000000E+02  1.40720800000000007E-01
       0      1  3.31449273759579421E+00  2.50000000000000000E+01  7.47474747500000012E+03  2.89999999999999980E-01  2.50000000000000000E+02  1.40720800000000007E-01
       0      1  3.16480596902240574E+00  2.50000000000000000E+01  7.82828282800000034E+03  2.89999999999999980E-01  2.50000000000000000E+02  1.40720800000000007E-01
       0      1  3.02805509364104308E+00  2.50000000000000000E+01  8.18181818199999998E+03  2.89999999999999980E-01  2.50000000000000000E+02  1.40720800000000007E-01
       0      1  2.90263269349744624E+00  2.50000000000000000E+01  8.53535353500000019E+03  2.89999999999999980E-01  2.50000000000000000E+02  1.40720800000000007E-01
       0      1  2.78718707485578543E+00  2.50000000000000000E+01  8.88888888899999984E+03  2.89999999999999980E-01  2.50000000000000000E+02  1.40720800000000007E-01
       0      1  2.68057336176648553E+00  2.50000000000000000E+01  9.24242424199999914E+03  2.89999999999999980E-01  2.50000000000000000E+02  1.40720800000000007E-01
       0      1  2.58181539567728713E+00  2.50000000000000000E+01  9.59595959600000060E+03  2.89999999999999980E-01  2.50000000000000000E+02  1.40720800000000007E-01
       0      1  2.49007576246270457E+00  2.50000000000000000E+01  9.94949494899999991E+03  2.89999999999999980E-01  2.50000000000000000E+02  1.40720800000000007E-01
       0      1  2.40463198618721963E+00  2.50000000000000000E+01  1.03030303029999995E+04  2.89999999999999980E-01  2.50000000000000000E+02  1.40720800000000007E-01
       0      1  2.32485746521685410E+00  2.50000000000000000E+01  1.06565656569999992E+04  2.89999999999999980E-01  2.50000000000000000E+02  1.40720800000000007E-01
       0      1  2.25020607883142398E+00  2.50000000000000000E+01  1.10101010100000003E+04  2.89999999999999980E-01  2.50000000000000000E+02  1.40720800000000007E-01
       0      1  2.18019966740023330E+00  2.50000000000000000E+01  1.13636363640000000E+04  2.89999999999999980E-01  2.50000000000000000E+02  1.40720800000000007E-01
       0      1  2.11441778098249555E+00  2.50000000000000000E+01  1.17171717169999993E+04  2.89999999999999980E-01  2.50000000000000000E+02  1.40720800000000007E-01
       0      1  2.05248922664788935E+00  2.50000000000000000E+01  1.20707070710000007E+04  2.89999999999999980E-01  2.50000000000000000E+02  1.40720800000000007E-01
       0      1  1.99408506174927491E+00  2.50000000000000000E+01  1.24242424240000000E+04  2.89999999999999980E-01  2.50000000000000000E+02  1.40720800000000007E-01
       0      1  1.93891274771627997E+00  2.50000000000000000E+01  1.27777777779999997E+04  2.89999999999999980E-01  2.50000000000000000E+02  1.40720800000000007E-01
       0      1  1.88671125074018309E+00  2.50000000000000000E+01  1.31313131310000008E+04  2.89999999999999980E-01  2.50000000000000000E+02  1.40720800000000007E-01
       0      1  1.83724691076868263E+00  2.50000000000000000E+01  1.34848484850000004E+04  2.89999999999999980E-01  2.50000000000000000E+02  1.40720800000000007E-01
       0      1  1.79030994596480419E+00  2.50000000000000000E+01  1.38383838379999997E+04  2.89999999999999980E-01  2.50000000000000000E+02  1.40720800000000007E-01
       0      1  1.74571147750162581E+00  2.50000000000000000E+01  1.41919191919999994E+04  2.89999999999999980E-01  2.50000000000000000E+02  1.40720800000000007E-01
       0      1  1.70328099026416502E+00  2.50000000000000000E+01  1.45454545450000005E+04  2.89999999999999980E-01  2.50000000000000000E+02  1.40720800000000007E-01
       0      1  1.66286415315395741E+00  2.50000000000000000E+01  1.48989898990000002E+04  2.89999999999999980E-01  2.50000000000000000E+02  1.40720800000000007E-01
       0      1  1.62432094425656093E+00  2.50000000000000000E+01  1.52525252529999998E+04  2.89999999999999980E-01  2.50000000000000000E+02  1.40720800000000007E-01
       0      1  1.58752402971733031E+00  2.50000000000000000E+01  1.56060606059999991E+04  2.89999999999999980E-01  2.50000000000000000E+02  1.40720800000000007E-01
       0      1  1.55235735812762998E+00  2.50000000000000000E+01  1.59595959600000006E+04  2.89999999999999980E-01  2.50000000000000000E+02  1.40720800000000007E-01
       0      1  1.51871493865231777E+00  2.50000000000000000E+01  1.63131313129999999E+04  2.89999999999999980E-01  2.50000000000000000E+02  1.40720800000000007E-01
       0      1  1.48649977324526983E+00  2.50000000000000000E+01  1.66666666670000013E+04  2.89999999999999980E-01  2.50000000000000000E+02  1.40720800000000007E-01
       0      1  1.45562292340229216E+00  2.50000000000000000E+01  1.70202020200000006E+04  2.89999999999999980E-01  2.50000000000000000E+02  1.40720800000000007E-01
       0      1  1.42600268945736852E+00  2.50000000000000000E+01  1.73737373740000003E+04  2.89999999999999980E-01  2.50000000000000000E+02  1.40720800000000007E-01
       0      1  1.39756388942534704E+00  2.50000000000000000E+01  1.77272727269999996E+04  2.89999999999999980E-01  2.50000000000000000E+02  1.40720800000000007E-01
       0      1  1.37023722116073499E+00  2.50000000000000000E+01  1.80808080809999992E+04  2.89999999999999980E-01  2.50000000000000000E+02  1.40720800000000007E-01
       0      1  1.34395869915038069E+00  2.50000000000000000E+01  1.84343434339999985E+04  2.89999999999999980E-01  2.50000000000000000E+02  1.40720800000000007E-01
       0      1  1.31866915370318605E+00  2.50000000000000000E+01  1.87878787880000018E+04  2.89999999999999980E-01  2.50000000000000000E+02  1.40720800000000007E-01
       0      1  1.29431378678459974E+00  2.50000000000000000E+01  1.91414141410000011E+04  2.89999999999999980E-01  2.50000000000000000E+02  1.40720800000000007E-01
       0      1  1.27084177507637097E+00  2.50000000000000000E+01  1.94949494950000008E+04  2.89999999999999980E-01  2.50000000000000000E+02  1.40720800000000007E-01
       0      1  1.24820591652094848E+00  2.50000000000000000E+01  1.98484848480000001E+04  2.89999999999999980E-01  2.50000000000000000E+02  1.40720800000000007E-01
       0      1  1.22636231295310139E+00  2.50000000000000000E+01  2.02020202019999997E+04  2.89999999999999980E-01  2.50000000000000000E+02  1.40720800000000007E-01
       0      1  1.20527008641312916E+00  2.50000000000000000E+01  2.05555555559999993E+04  2.89999999999999980E-01  2.50000000000000000E+02  1.40720800000000007E-01
       0      1  1.18489112363015181E+00  2.50000000000000000E+01  2.09090909089999986E+04  2.89999999999999980E-01  2.50000000000000000E+02  1.40720800000000007E-01
       0      1  1.16518984601455489E+00  2.50000000000000000E+01  2.12626262629999983E+04  2.89999999999999980E-01  2.50000000000000000E+02  1.40720800000000007E-01
       0      1  1.14613300276733066E+00  2.50000000000000000E+01  2.16161616160000012E+04  2.89999999999999980E-01  2.50000000000000000E+02  1.40720800000000007E-01
       0      1  1.12768948315858353E+00  2.50000000000000000E+01  2.19696969700000009E+04  2.89999999999999980E-01  2.50000000000000000E+02  1.40720800000000007E-01
       0      1  1.10983014747931041E+00  2.50000000000000000E+01  2.23232323230000002E+04  2.89999999999999980E-01  2.50000000000000000E+02  1.40720800000000007E-01
       0      1  1.09252767299715892E+00  2.50000000000000000E+01  2.26767676769999998E+04  2.89999999999999980E-01  2.50000000000000000E+02  1.40720800000000007E-01
       0      1  1.07575641488422047E+00  2.50000000000000000E+01  2.30303030299999991E+04  2.89999999999999980E-01  2.50000000000000000E+02  1.40720800000000007E-01
       0      1  1.05949227900077680E+00  2.50000000000000000E+01  2.33838383839999988E+04  2.89999999999999980E-01  2.50000000000000000E+02  1.40720800000000007E-01
       0      1  1.04371260678398614E+00  2.50000000000000000E+01  2.37373737370000017E+04  2.89999999999999980E-01  2.50000000000000000E+02  1.40720800000000007E-01
       0      1  1.02839606955743990E+00  2.50000000000000000E+01  2.40909090910000014E+04  2.89999999999999980E-01  2.50000000000000000E+02  1.40720800000000007E-01
       0      1  1.01352257270592760E+00  2.50000000000000000E+01  2.44444444440000007E+04  2.89999999999999980E-01  2.50000000000000000E+02  1.40720800000000007E-01
       0      1  9.99073167373422333E-01  2.50000000000000000E+01  2.47979797980000003E+04  2.89999999999999980E-01  2.50000000000000000E+02  1.40720800000000007E-01
       0      1  9.85029970223481266E-01  2.50000000000000000E+01  2.51515151519999999E+04  2.89999999999999980E-01  2.50000000000000000E+02  1.40720800000000007E-01
       0      1  9.71376089468755199E-01  2.50000000000000000E+01  2.55050505049999992E+04  2.89999999999999980E-01  2.50000000000000000E+02  1.40720800000000007E-01
       0      1  9.58095556978307950E-01  2.50000000000000000E+01  2.58585858589999989E+04  2.89999999999999980E-01  2.50000000000000000E+02  1.40720800000000007E-01
       0      1  9.45173266248590438E-01  2.50000000000000000E+01  2.62121212119999982E+04  2.89999999999999980E-01  2.50000000000000000E+02  1.40720800000000007E-01
       0      1  9.32594914780244033E-01  2.50000000000000000E+01  2.65656565660000015E+04  2.89999999999999980E-01  2.50000000000000000E+02  1.40720800000000007E-01
       0      1  9.20346951565191973E-01  2.50000000000000000E+01  2.69191919190000008E+04  2.89999999999999980E-01  2.50000000000000000E+02  1.40720800000000007E-01
       0      1  9.08416528103415888E-01  2.50000000000000000E+01  2.72727272730000004E+04  2.89999999999999980E-01  2.50000000000000000E+02  1.40720800000000007E-01
       0      1  8.96791453721048071E-01  2.50000000000000000E+01  2.76262626259999997E+04  2.89999999999999980E-01  2.50000000000000000E+02  1.40720800000000007E-01
       0      1  8.85460153749473289E-01  2.50000000000000000E+01  2.79797979799999994E+04  2.89999999999999980E-01  2.50000000000000000E+02  1.40720800000000007E-01
       0      1  8.74411631348522511E-01  2.50000000000000000E+01  2.83333333329999987E+04  2.89999999999999980E-01  2.50000000000000000E+02  1.40720800000000007E-01
       0      1  8.63635431652296837E-01  2.50000000000000000E+01  2.86868686869999983E+04  2.89999999999999980E-01  2.50000000000000000E+02  1.40720800000000007E-01
       0      1  8.53121609021869509E-01  2.50000000000000000E+01  2.90404040400000013E+04  2.89999999999999980E-01  2.50000000000000000E+02  1.40720800000000007E-01
       0      1  8.42860696185117830E-01  2.50000000000000000E+01  2.93939393940000009E+04  2.89999999999999980E-01  2.50000000000000000E+02  1.40720800000000007E-01
       0      1  8.32843676041729597E-01  2.50000000000000000E+01  2.97474747470000002E+04  2.89999999999999980E-01  2.50000000000000000E+02  1.40720800000000007E-01
       0      1  8.23061955001534562E-01  2.50000000000000000E+01  3.01010101009999998E+04  2.89999999999999980E-01  2.50000000000000000E+02  1.40720800000000007E-01
       0      1  8.13507338596067053E-01  2.50000000000000000E+01  3.04545454549999995E+04  2.89999999999999980E-01  2.50000000000000000E+02  1.40720800000000007E-01
       0      1  8.04172008495142143E-01  2.50000000000000000E+01  3.08080808079999988E+04  2.89999999999999980E-01  2.50000000000000000E+02  1.40720800000000007E-01
       0      1  7.95048501093529425E-01  2.50000000000000000E+01  3.11616161619999984E+04  2.89999999999999980E-01  2.50000000000000000E+02  1.40720800000000007E-01
       0      1  7.86129687793442833E-01  2.50000000000000000E+01  3.15151515150000014E+04  2.89999999999999980E-01  2.50000000000000000E+02  1.40720800000000007E-01
       0      1  7.77408756221759201E-01  2.50000000000000000E+01  3.18686868690000010E+04  2.89999999999999980E-01  2.50000000000000000E+02  1.40720800000000007E-01
       0      1  7.68879193078578438E-01  2.50000000000000000E+01  3.22222222220000003E+04  2.89999999999999980E-01  2.50000000000000000E+02  1.40720800000000007E-01
       0      1  7.60534767716433246E-01  2.50000000000000000E+01  3.25757575760000000E+04  2.89999999999999980E-01  2.50000000000000000E+02  1.40720800000000007E-01
       0      1  7.52369517155082268E-01  2.50000000000000000E+01  3.29292929290000029E+04  2.89999999999999980E-01  2.50000000000000000E+02  1.40720800000000007E-01
       0      1  7.44377731681667876E-01  2.50000000000000000E+01  3.32828282830000026E+04  2.89999999999999980E-01  2.50000000000000000E+02  1.40720800000000007E-01
       0      1  7.36553941720800576E-01  2.50000000000000000E+01  3.36363636360000019E+04  2.89999999999999980E-01  2.50000000000000000E+02  1.40720800000000007E-01
       0      1  7.28892905169824967E-01  2.50000000000000000E+01  3.39898989900000015E+04  2.89999999999999980E-01  2.50000000000000000E+02  1.40720800000000007E-01
       0      1  7.21389595863167532E-01  2.50000000000000000E+01  3.43434343430000008E+04  2.89999999999999980E-01  2.50000000000000000E+02  1.40720800000000007E-01
       0      1  7.14039192402214806E-01  2.50000000000000000E+01  3.46969696970000005E+04  2.89999999999999980E-01  2.50000000000000000E+02  1.40720800000000007E-01
       0      1  7.06837067973808408E-01  2.50000000000000000E+01  3.50505050510000001E+04  2.89999999999999980E-01  2.50000000000000000E+02  1.40720800000000007E-01
       0      1  6.99778780572481884E-01  2.50000000000000000E+01  3.54040404039999994E+04  2.89999999999999980E-01  2.50000000000000000E+02  1.40720800000000007E-01
       0      1  6.92860063806398307E-01  2.50000000000000000E+01  3.57575757579999990E+04  2.89999999999999980E-01  2.50000000000000000E+02  1.40720800000000007E-01
       0      1  6.86076818436726410E-01  2.50000000000000000E+01  3.61111111109999983E+04  2.89999999999999980E-01  2.50000000000000000E+02  1.40720800000000007E-01
       0      1  6.79425104121875401E-01  2.50000000000000000E+01  3.64646464649999980E+04  2.89999999999999980E-01  2.50000000000000000E+02  1.40720800000000007E-01
       0      1  6.72901131938508201E-01  2.50000000000000000E+01  3.68181818179999973E+04  2.89999999999999980E-01  2.50000000000000000E+02  1.40720800000000007E-01
       0      1  6.66501257033991434E-01  2.50000000000000000E+01  3.71717171719999969E+04  2.89999999999999980E-01  2.50000000000000000E+02  1.40720800000000007E-01
       0      1  6.60221971983917966E-01  2.50000000000000000E+01  3.75252525250000035E+04  2.89999999999999980E-01  2.50000000000000000E+02  1.40720800000000007E-01
       0      1  6.54059900237337177E-01  2.50000000000000000E+01  3.78787878790000032E+04  2.89999999999999980E-01  2.50000000000000000E+02  1.40720800000000007E-01
       0      1  6.48011790204619853E-01  2.50000000000000000E+01  3.82323232320000025E+04  2.89999999999999980E-01  2.50000000000000000E+02  1.40720800000000007E-01
       0      1  6.42074509396534321E-01  2.50000000000000000E+01  3.85858585860000021E+04  2.89999999999999980E-01  2.50000000000000000E+02  1.40720800000000007E-01
       0      1  6.36245039151378311E-01  2.50000000000000000E+01  3.89393939390000014E+04  2.89999999999999980E-01  2.50000000000000000E+02  1.40720800000000007E-01
       0      1  6.30520469382862769E-01  2.50000000000000000E+01  3.92929292930000011E+04  2.89999999999999980E-01  2.50000000000000000E+02  1.40720800000000007E-01
       0      1  6.24897993868151702E-01  2.50000000000000000E+01  3.96464646460000004E+04  2.89999999999999980E-01  2.50000000000000000E+02  1.40720800000000007E-01
       0      1  6.19374905531250075E-01  2.50000000000000000E+01  4.00000000000000000E+04  2.89999999999999980E-01  2.50000000000000000E+02  1.40720800000000007E-01
