# PIMCID: 234567891
#   elem          X           Y        AREA           W
       1     3.8156     -3.8156      65.513      1.0611    
       2     3.8156      3.8156      65.513      1.0611    
       3     7.0097     -15.957      134.96      1.0537    
       4     10.825     -7.8626      124.33      1.0569    
       5     17.835      0.0000      116.34      1.0537    
       6     10.825      7.8626      124.33      1.0569    
       7     7.0097      15.957      134.96      1.0537    
       8     8.0940     -27.635      122.11      1.0421    
       9     15.104     -20.235      147.40      1.0463    
      10     26.550     -12.141      100.55      1.0421    
      11     25.466      0.0000      161.61      1.0463    
      12     26.550      12.141      100.55      1.0421    
      13     15.104      20.235      147.40      1.0463    
      14     8.0940      27.635      122.11      1.0421    
      15     8.5401     -37.730      118.46      1.0278    
      16     16.634     -31.295      140.05      1.0329    
      17     30.452     -24.338      101.52      1.0278    
      18     33.359     -12.584      154.11      1.0329    
      19     39.083      0.0000      95.825      1.0278    
      20     33.359      12.584      154.11      1.0329    
      21     30.452      24.338      101.52      1.0278    
      22     16.634      31.295      140.05      1.0329    
      23     8.5401      37.730      118.46      1.0278    
      24     8.7426     -47.157      116.29      1.0108    
      25     17.283     -41.426      132.74      1.0168    
      26     32.425     -35.640      103.41      1.0108    
      27     37.501     -24.987      144.30      1.0168    
      28     46.446     -13.232      96.936      1.0108    
      29     45.121      0.0000      148.18      1.0168    
      30     46.446      13.232      96.936      1.0108    
      31     37.501      24.987      144.30      1.0168    
      32     32.425      35.640      103.41      1.0108    
      33     17.283      41.426      132.74      1.0168    
      34     8.7426      47.157      116.29      1.0108    
      35     8.8380     -56.207      114.72     0.99121    
      36     17.581     -50.980      127.28     0.99805    
      37     33.506     -46.195      104.80     0.99120    
      38     39.811     -36.585      136.53     0.99803    
      39     50.927     -25.975      98.829     0.99118    
      40     52.487     -13.275      141.17     0.99802    
      41     57.203      0.0000      96.834     0.99117    
      42     52.487      13.275      141.17     0.99802    
      43     50.927      25.975      98.829     0.99119    
      44     39.811      36.585      136.53     0.99804    
      45     33.506      46.195      104.80     0.99121    
      46     17.581      50.980      127.28     0.99805    
      47     8.8380      56.207      114.72     0.99121    
      48     8.8818     -65.021      113.49     0.96897    
      49     17.720     -60.164      123.30     0.97667    
      50     34.131     -56.206      105.70     0.96897    
      51     41.175     -47.464      130.72     0.97666    
      52     53.779     -37.993      100.48     0.96895    
      53     57.227     -26.115      135.18     0.97664    
      54     64.511     -13.414      97.871     0.96894    
      55     62.927      0.0000      136.67     0.97664    
      56     64.511      13.414      97.871     0.96894    
      57     57.227      26.115      135.18     0.97665    
      58     53.779      37.993      100.48     0.96896    
      59     41.175      47.464      130.72     0.97667    
      60     34.131      56.206      105.70     0.96897    
      61     17.720      60.164      123.30     0.97667    
      62     8.8818      65.021      113.49     0.96897    
      63     8.8989     -73.678      112.51     0.94420    
      64     17.781     -69.101      120.32     0.95274    
      65     34.505     -65.824      106.24     0.94420    
      66     42.018     -57.785      126.36     0.95273    
      67     55.669     -49.352      101.76     0.94418    
      68     60.387     -38.303      130.39     0.95271    
      69     69.599     -26.409      99.067     0.94417    
      70     70.275     -13.400      132.41     0.95270    
      71     74.456      0.0000      98.170     0.94416    
      72     70.275      13.400      132.41     0.95270    
      73     69.599      26.409      99.067     0.94417    
      74     60.387      38.303      130.39     0.95272    
      75     55.669      49.352      101.76     0.94419    
      76     42.018      57.785      126.36     0.95273    
      77     34.505      65.824      106.24     0.94420    
      78     17.781      69.101      120.32     0.95274    
      79     8.8989      73.678      112.51     0.94420    
      80     8.9018     -82.223      111.69     0.91695    
      81     17.801     -77.865      118.05     0.92631    
      82     34.733     -75.152      106.57     0.91695    
      83     42.556     -67.686      123.03     0.92630    
      84     56.962     -60.169      102.71     0.91694    
      85     62.563     -49.873      126.60     0.92629    
      86     73.235     -38.843      100.15     0.91692    
      87     75.553     -26.429      128.74     0.92627    
      88     81.827     -13.420      98.860     0.91691    
      89     80.054      0.0000      129.45     0.92627    
      90     81.827      13.420      98.860     0.91691    
      91     75.553      26.429      128.74     0.92628    
      92     73.235      38.844      100.15     0.91693    
      93     62.563      49.873      126.60     0.92629    
      94     56.962      60.169      102.71     0.91695    
      95     42.556      67.686      123.03     0.92631    
      96     34.733      75.152      106.57     0.91695    
      97     17.801      77.865      118.05     0.92630    
      98     8.9018      82.223      111.69     0.91694    
      99     8.8970     -90.687      111.00     0.88730    
     100     17.799     -86.504      116.27     0.89745    
     101     34.872     -84.264      106.74     0.88731    
     102     42.907     -77.269      120.44     0.89745    
     103     57.872     -70.552      103.42     0.88730    
     104     64.104     -60.918      123.57     0.89744    
     105     75.897     -50.731      101.04     0.88728    
     106     79.428     -38.953      125.66     0.89742    
     107     87.381     -26.515      99.617     0.88727    
     108     87.462     -13.396      126.70     0.89741    
     109     91.323      0.0000      99.142     0.88726    
     110     87.462      13.396      126.70     0.89741    
     111     87.381      26.515      99.617     0.88727    
     112     79.428      38.953      125.66     0.89743    
     113     75.897      50.731      101.04     0.88729    
     114     64.104      60.918      123.57     0.89744    
     115     57.872      70.552      103.42     0.88730    
     116     42.907      77.269      120.44     0.89745    
     117     34.872      84.264      106.74     0.88730    
     118     17.799      86.504      116.27     0.89744    
     119     8.8970      90.687      111.00     0.88729    
     120     8.8879     -99.090      110.41     0.85532    
     121     17.785     -95.050      114.84     0.86624    
     122     34.955     -93.210      106.82     0.85534    
     123     43.140     -86.606      118.38     0.86625    
     124     58.525     -80.588      103.93     0.85533    
     125     65.221     -71.529      121.12     0.86624    
     126     77.888     -62.132      101.77     0.85532    
     127     82.331     -50.969      123.09     0.86622    
     128     91.635     -39.177      100.33     0.85531    
     129     93.154     -26.501      124.27     0.86621    
     130     98.768     -13.382      99.603     0.85530    
     131     96.856      0.0000      124.66     0.86621    
     132     98.768      13.382      99.603     0.85530    
     133     93.154      26.501      124.27     0.86621    
     134     91.635      39.177      100.33     0.85531    
     135     82.331      50.969      123.09     0.86623    
     136     77.888      62.132      101.77     0.85533    
     137     65.221      71.529      121.12     0.86624    
     138     58.525      80.588      103.93     0.85534    
     139     43.140      86.606      118.38     0.86625    
     140     34.955      93.210      106.82     0.85533    
     141     17.785      95.050      114.84     0.86624    
     142     8.8879      99.090      110.41     0.85532    
     143     8.8766     -107.45      109.91     0.82112    
     144     17.764     -103.52      113.67     0.83277    
     145     35.002     -102.03      106.83     0.82114    
     146     43.295     -95.752      116.71     0.83278    
     147     59.004     -90.346      104.31     0.82114    
     148     66.048     -81.785      119.13     0.83278    
     149     79.404     -73.116      102.35     0.82113    
     150     84.547     -62.523      120.95     0.83276    
     151     94.947     -51.393      100.95     0.82111    
     152     97.591     -39.211      122.17     0.83275    
     153     104.67     -26.512      100.11     0.82110    
     154     104.33     -13.359      122.77     0.83274    
     155     107.98      0.0000      99.831     0.82110    
     156     104.33      13.359      122.77     0.83275    
     157     104.67      26.512      100.11     0.82110    
     158     97.591      39.211      122.17     0.83275    
     159     94.947      51.393      100.95     0.82112    
     160     84.547      62.523      120.95     0.83277    
     161     79.404      73.116      102.35     0.82113    
     162     66.048      81.785      119.13     0.83278    
     163     59.004      90.346      104.31     0.82113    
     164     43.295      95.752      116.71     0.83278    
     165     35.002      102.03      106.83     0.82113    
     166     17.764      103.52      113.67     0.83277    
     167     8.8766      107.45      109.91     0.82111    
     168     8.8643     -115.76      109.46     0.78477    
     169     17.741     -111.94      112.72     0.79713    
     170     35.025     -110.74      106.81     0.78479    
     171     43.398     -104.75      115.33     0.79714    
     172     59.359     -99.878      104.59     0.78480    
     173     66.671     -91.751      117.48     0.79714    
     174     80.578     -83.745      102.82     0.78479    
     175     86.267     -73.671      119.15     0.79713    
     176     97.561     -63.192      101.48     0.78478    
     177     101.10     -51.507      120.34     0.79712    
     178     109.41     -39.301      100.59     0.78476    
     179     110.34     -26.488      121.06     0.79711    
     180     115.49     -13.335      100.16     0.78476    
     181     113.48      0.0000      121.30     0.79711    
     182     115.49      13.335      100.16     0.78476    
     183     110.34      26.488      121.06     0.79711    
     184     109.41      39.301      100.59     0.78477    
     185     101.10      51.507      120.34     0.79712    
     186     97.561      63.192      101.48     0.78478    
     187     86.267      73.671      119.15     0.79714    
     188     80.578      83.745      102.82     0.78479    
     189     66.671      91.751      117.48     0.79714    
     190     59.359      99.878      104.59     0.78479    
     191     43.398      104.75      115.33     0.79714    
     192     35.025      110.74      106.81     0.78479    
     193     17.741      111.94      112.72     0.79712    
     194     8.8643      115.76      109.46     0.78476    
     195     8.8516     -124.05      109.07     0.74639    
     196     17.716     -120.32      111.90     0.75942    
     197     35.032     -119.37      106.75     0.74641    
     198     43.465     -113.62      114.20     0.75943    
     199     59.625     -109.23      104.80     0.74642    
     200     67.146     -101.48      116.10     0.75944    
     201     81.500     -94.075      103.18     0.74642    
     202     87.621     -84.470      117.63     0.75943    
     203     99.653     -74.612      101.94     0.74641    
     204     103.91     -63.408      118.77     0.75942    
     205     113.25     -51.727      101.05     0.74639    
     206     115.22     -39.304      119.55     0.75940    
     207     121.67     -26.471      100.51     0.74639    
     208     121.01     -13.314      119.92     0.75940    
     209     124.52      0.0000      100.33     0.74638    
     210     121.01      13.314      119.92     0.75940    
     211     121.67      26.471      100.51     0.74639    
     212     115.22      39.304      119.55     0.75941    
     213     113.25      51.727      101.05     0.74640    
     214     103.91      63.408      118.77     0.75942    
     215     99.653      74.612      101.94     0.74641    
     216     87.621      84.470      117.63     0.75943    
     217     81.500      94.075      103.18     0.74642    
     218     67.146      101.48      116.10     0.75943    
     219     59.625      109.23      104.80     0.74642    
     220     43.465      113.62      114.20     0.75942    
     221     35.032      119.37      106.75     0.74640    
     222     17.716      120.32      111.90     0.75940    
     223     8.8516      124.05      109.07     0.74638    
     224     8.8390     -132.32      108.72     0.70608    
     225     17.691     -128.65      111.20     0.71974    
     226     35.029     -127.94      106.68     0.70611    
     227     43.506     -122.40      113.23     0.71976    
     228     59.826     -118.42      104.94     0.70612    
     229     67.512     -111.01      114.93     0.71976    
     230     82.233     -104.15      103.48     0.70612    
     231     88.700     -94.968      116.33     0.71976    
     232     101.35     -85.696      102.31     0.70611    
     233     106.18     -74.946      117.42     0.71975    
     234     116.40     -63.797      101.45     0.70609    
     235     119.22     -51.781      118.20     0.71973    
     236     126.79     -39.333      100.85     0.70608    
     237     127.27     -26.445      118.66     0.71973    
     238     132.08     -13.289      100.57     0.70608    
     239     129.99      0.0000      118.82     0.71973    
     240     132.08      13.289      100.57     0.70608    
     241     127.27      26.445      118.66     0.71973    
     242     126.79      39.333      100.85     0.70609    
     243     119.22      51.781      118.20     0.71974    
     244     116.40      63.797      101.45     0.70610    
     245     106.18      74.946      117.42     0.71975    
     246     101.35      85.696      102.31     0.70611    
     247     88.700      94.968      116.33     0.71976    
     248     82.233      104.15      103.48     0.70611    
     249     67.512      111.01      114.93     0.71976    
     250     59.826      118.42      104.94     0.70611    
     251     43.506      122.40      113.23     0.71974    
     252     35.029      127.94      106.68     0.70609    
     253     17.691      128.65      111.20     0.71972    
     254     8.8390      132.32      108.72     0.70606    
     255     8.8267     -140.56      108.41     0.66396    
     256     17.666     -136.96      110.62     0.67821    
     257     35.019     -136.45      106.62     0.66398    
     258     43.530     -131.09      112.40     0.67823    
     259     59.979     -127.49      105.04     0.66400    
     260     67.798     -120.37      113.94     0.67824    
     261     82.822     -114.01      103.72     0.66400    
     262     89.571     -105.21      115.22     0.67823    
     263     102.73     -96.485      102.64     0.66399    
     264     108.04     -86.157      116.25     0.67822    
     265     119.01     -75.532      101.79     0.66398    
     266     122.53     -63.922      117.00     0.67821    
     267     131.06     -51.896      101.18     0.66397    
     268     132.50     -39.323      117.52     0.67820    
     269     138.47     -26.417      100.83     0.66397    
     270     137.58     -13.271      117.79     0.67820    
     271     140.97      0.0000      100.71     0.66396    
     272     137.58      13.271      117.79     0.67820    
     273     138.47      26.417      100.83     0.66397    
     274     132.50      39.323      117.52     0.67821    
     275     131.06      51.896      101.18     0.66398    
     276     122.53      63.922      117.00     0.67822    
     277     119.01      75.532      101.79     0.66399    
     278     108.04      86.157      116.25     0.67823    
     279     102.73      96.485      102.64     0.66399    
     280     89.571      105.21      115.22     0.67823    
     281     82.822      114.01      103.72     0.66399    
     282     67.798      120.37      113.94     0.67823    
     283     59.979      127.49      105.04     0.66399    
     284     43.530      131.09      112.40     0.67821    
     285     35.019      136.45      106.62     0.66397    
     286     17.666      136.96      110.62     0.67819    
     287     8.8267      140.56      108.41     0.66394    
     288     8.8149     -148.79      108.15     0.62014    
     289     17.642     -145.25      110.09     0.63494    
     290     35.004     -144.91      106.52     0.62017    
     291     43.542     -139.71      111.68     0.63497    
     292     60.096     -136.46      105.11     0.62019    
     293     68.022     -129.60      113.08     0.63498    
     294     83.299     -123.69      103.91     0.62019    
     295     90.280     -115.23      114.25     0.63498    
     296     103.88     -107.02      102.90     0.62019    
     297     109.58     -97.078      115.21     0.63497    
     298     121.18     -86.960      102.09     0.62018    
     299     125.30     -75.742      115.96     0.63496    
     300     134.66     -64.155      101.49     0.62017    
     301     136.91     -51.920      116.49     0.63495    
     302     143.90     -39.323      101.08     0.62016    
     303     144.03     -26.393      116.81     0.63494    
     304     148.59     -13.247      100.88     0.62016    
     305     146.43      0.0000      116.92     0.63494    
     306     148.59      13.247      100.88     0.62016    
     307     144.03      26.393      116.81     0.63495    
     308     143.90      39.323      101.08     0.62017    
     309     136.91      51.920      116.49     0.63496    
     310     134.66      64.155      101.49     0.62018    
     311     125.30      75.742      115.96     0.63496    
     312     121.18      86.960      102.09     0.62018    
     313     109.58      97.078      115.21     0.63497    
     314     103.88      107.02      102.90     0.62019    
     315     90.280      115.23      114.25     0.63497    
     316     83.299      123.69      103.91     0.62019    
     317     68.022      129.60      113.08     0.63497    
     318     60.096      136.46      105.11     0.62018    
     319     43.542      139.71      111.68     0.63495    
     320     35.004      144.91      106.52     0.62016    
     321     17.642      145.25      110.09     0.63492    
     322     8.8149      148.79      108.15     0.62012    
     323     8.8035     -157.01      107.87     0.57477    
     324     17.618     -153.51      109.64     0.59007    
     325     34.985     -153.34      106.44     0.57480    
     326     43.544     -148.28      111.08     0.59010    
     327     60.185     -145.33      105.16     0.57482    
     328     68.200     -138.70      112.33     0.59012    
     329     83.690     -133.21      104.05     0.57483    
     330     90.863     -125.06      113.41     0.59012    
     331     104.83     -117.32      103.12     0.57483    
     332     110.87     -107.74      114.30     0.59011    
     333     123.01     -98.109      102.35     0.57482    
     334     127.63     -87.265      115.02     0.59010    
     335     137.72     -76.121      101.75     0.57481    
     336     140.64     -64.229      115.56     0.59009    
     337     148.53     -51.977      101.33     0.57480    
     338     149.54     -39.307      115.92     0.59009    
     339     155.14     -26.362      101.07     0.57480    
     340     154.06     -13.232      116.10     0.59008    
     341     157.37      0.0000      100.98     0.57479    
     342     154.06      13.232      116.10     0.59009    
     343     155.14      26.362      101.07     0.57480    
     344     149.54      39.307      115.92     0.59009    
     345     148.53      51.977      101.33     0.57481    
     346     140.64      64.229      115.56     0.59010    
     347     137.72      76.121      101.75     0.57481    
     348     127.63      87.265      115.02     0.59011    
     349     123.01      98.109      102.35     0.57482    
     350     110.87      107.74      114.30     0.59011    
     351     104.83      117.32      103.12     0.57482    
     352     90.863      125.06      113.41     0.59011    
     353     83.690      133.21      104.05     0.57482    
     354     68.200      138.70      112.33     0.59010    
     355     60.185      145.33      105.16     0.57481    
     356     43.544      148.28      111.08     0.59009    
     357     34.985      153.34      106.44     0.57478    
     358     17.618      153.51      109.64     0.59005    
     359     8.8035      157.01      107.87     0.57475    
     360     8.7927     -165.21      107.66     0.52797    
     361     17.596     -161.76      109.24     0.54374    
     362     34.965     -161.73      106.35     0.52801    
     363     43.539     -156.80      110.54     0.54377    
     364     60.253     -154.12      105.19     0.52803    
     365     68.341     -147.71      111.67     0.54378    
     366     84.012     -142.59      104.17     0.52804    
     367     91.346     -134.72      112.67     0.54379    
     368     105.63     -127.42      103.31     0.52804    
     369     111.95     -118.18      113.52     0.54379    
     370     124.57     -109.01      102.59     0.52803    
     371     129.60     -98.517      114.20     0.54378    
     372     140.33     -87.809      102.00     0.52802    
     373     143.84     -76.257      114.73     0.54377    
     374     152.52     -64.371      101.57     0.52801    
     375     154.29     -51.984      115.12     0.54376    
     376     160.82     -39.292      101.28     0.52801    
     377     160.67     -26.340      115.35     0.54376    
     378     165.03     -13.210      101.14     0.52801    
     379     162.81      0.0000      115.43     0.54376    
     380     165.03      13.210      101.14     0.52801    
     381     160.67      26.340      115.35     0.54376    
     382     160.82      39.292      101.28     0.52801    
     383     154.29      51.984      115.12     0.54377    
     384     152.52      64.371      101.57     0.52802    
     385     143.84      76.257      114.73     0.54377    
     386     140.33      87.809      102.00     0.52803    
     387     129.60      98.517      114.20     0.54378    
     388     124.57      109.01      102.59     0.52803    
     389     111.95      118.18      113.52     0.54378    
     390     105.63      127.42      103.31     0.52803    
     391     91.346      134.72      112.67     0.54378    
     392     84.012      142.59      104.17     0.52803    
     393     68.341      147.71      111.67     0.54377    
     394     60.253      154.12      105.19     0.52801    
     395     43.539      156.80      110.54     0.54375    
     396     34.965      161.73      106.35     0.52799    
     397     17.596      161.76      109.24     0.54372    
     398     8.7927      165.21      107.66     0.52795    
     399     8.7824     -173.40      107.44     0.47990    
     400     17.575     -169.99      108.87     0.49607    
     401     34.944     -170.09      106.25     0.47994    
     402     43.530     -165.28      110.05     0.49611    
     403     60.304     -162.85      105.20     0.47996    
     404     68.453     -156.63      111.10     0.49613    
     405     84.278     -151.86      104.27     0.47997    
     406     91.749     -144.24      112.02     0.49613    
     407     106.31     -137.35      103.46     0.47997    
     408     112.86     -128.41      112.80     0.49613    
     409     125.89     -119.68      102.77     0.47997    
     410     131.29     -109.52      113.45     0.49612    
     411     142.57     -99.240      102.21     0.47996    
     412     146.58     -88.018      113.98     0.49611    
     413     155.96     -76.508      101.78     0.47995    
     414     158.39     -64.414      114.37     0.49611    
     415     165.76     -52.009      101.47     0.47994    
     416     166.42     -39.274      114.63     0.49610    
     417     171.72     -26.308      101.27     0.47994    
     418     170.48     -13.196      114.75     0.49610    
     419     173.73      0.0000      101.21     0.47994    
     420     170.48      13.196      114.75     0.49610    
     421     171.72      26.308      101.27     0.47995    
     422     166.42      39.274      114.63     0.49610    
     423     165.76      52.009      101.47     0.47995    
     424     158.39      64.414      114.37     0.49611    
     425     155.96      76.508      101.78     0.47996    
     426     146.58      88.018      113.98     0.49612    
     427     142.57      99.240      102.21     0.47996    
     428     131.29      109.52      113.45     0.49612    
     429     125.89      119.68      102.77     0.47996    
     430     112.86      128.41      112.80     0.49612    
     431     106.31      137.35      103.46     0.47996    
     432     91.749      144.24      112.02     0.49612    
     433     84.278      151.86      104.27     0.47996    
     434     68.453      156.63      111.10     0.49611    
     435     60.304      162.85      105.20     0.47994    
     436     43.530      165.28      110.05     0.49609    
     437     34.944      170.09      106.25     0.47992    
     438     17.575      169.99      108.87     0.49605    
     439     8.7824      173.40      107.44     0.47988    
     440     8.7726     -181.58      107.25     0.43070    
     441     17.555     -178.21      108.56     0.44724    
     442     34.922     -178.43      106.18     0.43074    
     443     43.518     -173.72      109.62     0.44727    
     444     60.342     -171.53      105.20     0.43077    
     445     68.543     -165.47      110.60     0.44729    
     446     84.500     -161.02      104.35     0.43078    
     447     92.087     -153.63      111.44     0.44730    
     448     106.89     -147.13      103.59     0.43078    
     449     113.64     -138.47      112.18     0.44729    
     450     127.03     -130.15      102.95     0.43077    
     451     132.74     -120.30      112.80     0.44729    
     452     144.51     -110.43      102.41     0.43077    
     453     148.96     -99.529      113.30     0.44728    
     454     158.96     -88.396      101.98     0.43076    
     455     161.96     -76.598      113.70     0.44728    
     456     170.07     -64.502      101.64     0.43076    
     457     171.45     -52.007      113.97     0.44727    
     458     177.61     -39.251      101.42     0.43075    
     459     177.22     -26.288      114.15     0.44727    
     460     181.42     -13.176      101.33     0.43075    
     461     179.16      0.0000      114.20     0.44727    
     462     181.42      13.176      101.33     0.43076    
     463     177.22      26.288      114.15     0.44727    
     464     177.61      39.251      101.42     0.43076    
     465     171.45      52.007      113.97     0.44728    
     466     170.07      64.502      101.64     0.43076    
     467     161.96      76.598      113.70     0.44728    
     468     158.96      88.396      101.98     0.43076    
     469     148.96      99.529      113.30     0.44728    
     470     144.51      110.43      102.41     0.43077    
     471     132.74      120.30      112.80     0.44729    
     472     127.03      130.15      102.95     0.43077    
     473     113.64      138.47      112.18     0.44729    
     474     106.89      147.13      103.59     0.43077    
     475     92.087      153.63      111.44     0.44728    
     476     84.500      161.02      104.35     0.43076    
     477     68.543      165.47      110.60     0.44727    
     478     60.342      171.53      105.20     0.43075    
     479     43.518      173.72      109.62     0.44725    
     480     34.922      178.43      106.18     0.43072    
     481     17.555      178.21      108.56     0.44722    
     482     8.7726      181.58      107.25     0.43068    
     483     8.7634     -189.76      107.08     0.38054    
     484     17.536     -186.42      108.27     0.39738    
     485     34.900     -186.74      106.09     0.38058    
     486     43.503     -182.13      109.26     0.39741    
     487     60.370     -180.15      105.21     0.38060    
     488     68.614     -174.25      110.13     0.39743    
     489     84.687     -170.09      104.40     0.38062    
     490     92.373     -162.92      110.91     0.39744    
     491     107.38     -156.77      103.69     0.38062    
     492     114.31     -148.37      111.60     0.39744    
     493     128.02     -140.44      103.08     0.38062    
     494     133.99     -130.88      112.19     0.39743    
     495     146.20     -121.41      102.57     0.38061    
     496     151.02     -110.81      112.69     0.39743    
     497     161.58     -100.05      102.15     0.38060    
     498     165.07     -88.542      113.08     0.39742    
     499     173.86     -76.768      101.82     0.38060    
     500     175.86     -64.526      113.37     0.39742    
     501     182.80     -52.013      101.59     0.38060    
     502     183.17     -39.233      113.57     0.39742    
     503     188.23     -26.259      101.45     0.38059    
     504     186.86     -13.165      113.67     0.39742    
     505     190.06      0.0000      101.40     0.38060    
     506     186.86      13.165      113.67     0.39742    
     507     188.23      26.259      101.45     0.38060    
     508     183.17      39.233      113.57     0.39742    
     509     182.80      52.013      101.59     0.38060    
     510     175.86      64.526      113.37     0.39742    
     511     173.86      76.768      101.82     0.38060    
     512     165.07      88.542      113.08     0.39742    
     513     161.58      100.05      102.15     0.38060    
     514     151.02      110.81      112.69     0.39743    
     515     146.20      121.41      102.57     0.38061    
     516     133.99      130.88      112.19     0.39743    
     517     128.02      140.44      103.08     0.38061    
     518     114.31      148.37      111.60     0.39743    
     519     107.38      156.77      103.69     0.38061    
     520     92.373      162.92      110.91     0.39743    
     521     84.687      170.09      104.40     0.38060    
     522     68.614      174.25      110.13     0.39741    
     523     60.370      180.15      105.21     0.38059    
     524     43.503      182.13      109.26     0.39739    
     525     34.900      186.74      106.09     0.38056    
     526     17.536      186.42      108.27     0.39736    
     527     8.7634      189.76      107.08     0.38052    
     528     8.7546     -197.93      106.92     0.32958    
     529     17.518     -194.61      108.00     0.34666    
     530     34.877     -195.04      106.00     0.32962    
     531     43.486     -190.52      108.91     0.34670    
     532     60.390     -188.72      105.19     0.32964    
     533     68.671     -182.97      109.72     0.34672    
     534     84.843     -179.08      104.44     0.32965    
     535     92.615     -172.10      110.46     0.34673    
     536     107.81     -166.29      103.79     0.32966    
     537     114.89     -158.12      111.10     0.34673    
     538     128.87     -150.56      103.21     0.32966    
     539     135.08     -141.28      111.65     0.34672    
     540     147.67     -132.18      102.71     0.32965    
     541     152.82     -121.87      112.12     0.34672    
     542     163.88     -111.48      102.30     0.32965    
     543     167.81     -100.26      112.51     0.34671    
     544     177.19     -88.812      101.97     0.32964    
     545     179.75     -76.828      112.81     0.34671    
     546     187.39     -64.579      101.74     0.32964    
     547     188.44     -52.005      113.04     0.34670    
     548     194.30     -39.208      101.57     0.32963    
     549     193.72     -26.240      113.15     0.34670    
     550     197.78     -13.147      101.48     0.32964    
     551     195.49      0.0000      113.21     0.34670    
     552     197.78      13.147      101.48     0.32964    
     553     193.72      26.240      113.15     0.34671    
     554     194.30      39.208      101.57     0.32964    
     555     188.44      52.005      113.04     0.34671    
     556     187.39      64.579      101.74     0.32964    
     557     179.75      76.828      112.81     0.34671    
     558     177.19      88.812      101.97     0.32964    
     559     167.81      100.26      112.51     0.34671    
     560     163.88      111.48      102.30     0.32965    
     561     152.82      121.87      112.12     0.34672    
     562     147.67      132.18      102.71     0.32965    
     563     135.08      141.28      111.65     0.34672    
     564     128.87      150.56      103.21     0.32965    
     565     114.89      158.12      111.10     0.34672    
     566     107.81      166.29      103.79     0.32965    
     567     92.615      172.10      110.46     0.34671    
     568     84.843      179.08      104.44     0.32964    
     569     68.671      182.97      109.72     0.34670    
     570     60.390      188.72      105.19     0.32962    
     571     43.486      190.52      108.91     0.34668    
     572     34.877      195.04      106.00     0.32960    
     573     17.518      194.61      108.00     0.34664    
     574     8.7546      197.93      106.92     0.32956    
     575     8.7463     -206.09      106.77     0.27798    
     576     17.501     -202.80      107.78     0.29526    
     577     34.856     -203.32      105.94     0.27803    
     578     43.469     -198.88      108.60     0.29530    
     579     60.403     -197.26      105.17     0.27805    
     580     68.716     -191.64      109.36     0.29532    
     581     84.976     -188.00      104.48     0.27806    
     582     92.822     -181.20      110.04     0.29533    
     583     108.17     -175.69      103.87     0.27807    
     584     115.38     -167.75      110.65     0.29533    
     585     129.62     -160.54      103.33     0.27806    
     586     136.03     -151.51      111.18     0.29533    
     587     148.97     -142.78      102.86     0.27806    
     588     154.41     -132.74      111.63     0.29532    
     589     165.90     -122.71      102.46     0.27806    
     590     170.22     -111.76      112.00     0.29532    
     591     180.15     -100.64      102.13     0.27805    
     592     183.19     -88.916      112.30     0.29531    
     593     191.48     -76.944      101.87     0.27805    
     594     193.12     -64.591      112.53     0.29531    
     595     199.70     -52.000      101.69     0.27805    
     596     199.83     -39.190      112.69     0.29531    
     597     204.69     -26.213      101.59     0.27805    
     598     203.22     -13.136      112.76     0.29531    
     599     206.36      0.0000      101.55     0.27805    
     600     203.22      13.136      112.76     0.29531    
     601     204.69      26.213      101.59     0.27805    
     602     199.83      39.190      112.69     0.29531    
     603     199.70      52.000      101.69     0.27805    
     604     193.12      64.591      112.53     0.29531    
     605     191.48      76.944      101.87     0.27805    
     606     183.19      88.916      112.30     0.29531    
     607     180.15      100.64      102.13     0.27806    
     608     170.22      111.76      112.00     0.29532    
     609     165.90      122.71      102.46     0.27806    
     610     154.41      132.74      111.63     0.29532    
     611     148.97      142.78      102.86     0.27806    
     612     136.03      151.51      111.18     0.29532    
     613     129.62      160.54      103.33     0.27806    
     614     115.38      167.75      110.65     0.29532    
     615     108.17      175.69      103.87     0.27806    
     616     92.822      181.20      110.04     0.29531    
     617     84.976      188.00      104.48     0.27805    
     618     68.716      191.64      109.36     0.29530    
     619     60.403      197.26      105.17     0.27804    
     620     43.469      198.88      108.60     0.29528    
     621     34.856      203.32      105.94     0.27801    
     622     17.501      202.80      107.78     0.29525    
     623     8.7463      206.09      106.77     0.27797    
     624     8.7384     -214.25      106.63     0.22595    
     625     17.485     -210.99      107.56     0.24335    
     626     34.834     -211.59      105.86     0.22599    
     627     43.450     -207.22      108.32     0.24339    
     628     60.411     -205.77      105.15     0.22601    
     629     68.751     -200.26      109.03     0.24341    
     630     85.087     -196.86      104.51     0.22602    
     631     92.999     -190.23      109.67     0.24341    
     632     108.49     -185.01      103.94     0.22603    
     633     115.82     -177.27      110.23     0.24342    
     634     130.27     -170.38      103.42     0.22603    
     635     136.86     -161.59      110.72     0.24341    
     636     150.11     -153.21      102.97     0.22602    
     637     155.80     -143.43      111.16     0.24341    
     638     167.70     -133.74      102.58     0.22602    
     639     172.35     -123.06      111.53     0.24341    
     640     182.78     -112.27      102.27     0.22602    
     641     186.26     -100.80      111.84     0.24340    
     642     195.12     -89.111      102.01     0.22601    
     643     197.30     -76.985      112.06     0.24340    
     644     204.54     -64.621      101.82     0.22601    
     645     205.31     -51.990      112.23     0.24340    
     646     210.90     -39.164      101.68     0.22601    
     647     210.16     -26.196      112.33     0.24340    
     648     214.11     -13.120      101.62     0.22601    
     649     211.79      0.0000      112.37     0.24340    
     650     214.11      13.120      101.62     0.22601    
     651     210.16      26.196      112.33     0.24340    
     652     210.90      39.164      101.68     0.22601    
     653     205.31      51.990      112.23     0.24340    
     654     204.54      64.621      101.82     0.22602    
     655     197.30      76.985      112.06     0.24341    
     656     195.12      89.111      102.01     0.22602    
     657     186.26      100.80      111.84     0.24341    
     658     182.78      112.27      102.27     0.22602    
     659     172.35      123.06      111.53     0.24341    
     660     167.70      133.74      102.58     0.22602    
     661     155.80      143.43      111.16     0.24341    
     662     150.11      153.21      102.97     0.22602    
     663     136.86      161.59      110.72     0.24341    
     664     130.27      170.38      103.42     0.22602    
     665     115.82      177.27      110.23     0.24341    
     666     108.49      185.01      103.94     0.22602    
     667     92.999      190.23      109.67     0.24340    
     668     85.087      196.86      104.51     0.22601    
     669     68.751      200.26      109.03     0.24339    
     670     60.411      205.77      105.15     0.22600    
     671     43.450      207.22      108.32     0.24337    
     672     34.834      211.59      105.86     0.22598    
     673     17.485      210.99      107.56     0.24334    
     674     8.7384      214.25      106.63     0.22593    
     675     8.7309     -222.40      106.49     0.17365    
     676     17.469     -219.16      107.36     0.19112    
     677     34.813     -219.84      105.78     0.17370    
     678     43.432     -215.54      108.07     0.19116    
     679     60.415     -214.24      105.13     0.17371    
     680     68.779     -208.85      108.73     0.19117    
     681     85.182     -205.66      104.53     0.17372    
     682     93.151     -199.18      109.32     0.19118    
     683     108.77     -194.23      103.98     0.17373    
     684     116.20     -186.69      109.84     0.19118    
     685     130.85     -180.11      103.49     0.17373    
     686     137.60     -171.54      110.32     0.19118    
     687     151.12     -163.49      103.06     0.17373    
     688     157.04     -153.95      110.74     0.19118    
     689     169.29     -144.59      102.70     0.17372    
     690     174.25     -134.17      111.10     0.19117    
     691     185.12     -123.70      102.39     0.17372    
     692     188.99     -112.48      111.39     0.19117    
     693     198.38     -101.08      102.12     0.17372    
     694     201.03     -89.186      111.63     0.19117    
     695     208.89     -77.065      101.93     0.17372    
     696     210.22     -64.626      111.81     0.19117    
     697     216.50     -51.978      101.78     0.17371    
     698     216.42     -39.147      111.93     0.19117    
     699     221.11     -26.171      101.70     0.17371    
     700     219.54     -13.111      111.99     0.19117    
     701     222.65      0.0000      101.67     0.17371    
     702     219.54      13.111      111.99     0.19117    
     703     221.11      26.171      101.70     0.17371    
     704     216.42      39.147      111.93     0.19117    
     705     216.50      51.978      101.78     0.17372    
     706     210.22      64.626      111.81     0.19117    
     707     208.89      77.065      101.93     0.17372    
     708     201.03      89.186      111.63     0.19117    
     709     198.38      101.08      102.12     0.17372    
     710     188.99      112.48      111.39     0.19117    
     711     185.12      123.70      102.39     0.17372    
     712     174.25      134.17      111.10     0.19117    
     713     169.29      144.59      102.70     0.17372    
     714     157.04      153.95      110.74     0.19118    
     715     151.12      163.49      103.06     0.17372    
     716     137.60      171.54      110.32     0.19118    
     717     130.85      180.11      103.49     0.17372    
     718     116.20      186.69      109.84     0.19117    
     719     108.77      194.23      103.98     0.17372    
     720     93.151      199.18      109.32     0.19117    
     721     85.182      205.66      104.53     0.17372    
     722     68.779      208.85      108.73     0.19116    
     723     60.415      214.24      105.13     0.17370    
     724     43.432      215.54      108.07     0.19115    
     725     34.813      219.84      105.78     0.17369    
     726     17.469      219.16      107.36     0.19111    
     727     8.7309      222.40      106.49     0.17364    
     728     8.7238     -230.55      106.39     0.12130    
     729     17.455     -227.33      107.18     0.13877    
     730     34.793     -228.09      105.71     0.12134    
     731     43.413     -223.84      107.84     0.13880    
     732     60.416     -222.69      105.10     0.12135    
     733     68.800     -217.39      108.44     0.13881    
     734     85.263     -214.41      104.53     0.12136    
     735     93.281     -208.08      109.00     0.13881    
     736     109.01     -203.38      104.03     0.12136    
     737     116.53     -196.01      109.52     0.13882    
     738     131.36     -189.72      103.58     0.12136    
     739     138.25     -181.36      109.96     0.13882    
     740     152.02     -173.62      103.17     0.12136    
     741     158.14     -164.32      110.35     0.13882    
     742     170.72     -155.28      102.80     0.12136    
     743     175.95     -145.10      110.69     0.13881    
     744     187.22     -134.94      102.49     0.12135    
     745     191.43     -123.97      110.99     0.13881    
     746     201.30     -112.86      102.24     0.12135    
     747     204.39     -101.20      111.23     0.13881    
     748     212.80     -89.328      102.04     0.12136    
     749     214.65     -77.091      111.41     0.13881    
     750     221.55     -64.642      101.88     0.12135    
     751     222.07     -51.967      111.54     0.13881    
     752     227.45     -39.121      101.78     0.12135    
     753     226.57     -26.156      111.62     0.13881    
     754     230.42     -13.097      101.73     0.12135    
     755     228.07      0.0000      111.65     0.13881    
     756     230.42      13.097      101.73     0.12135    
     757     226.57      26.156      111.62     0.13881    
     758     227.45      39.121      101.78     0.12135    
     759     222.07      51.967      111.54     0.13881    
     760     221.55      64.642      101.88     0.12136    
     761     214.65      77.091      111.41     0.13881    
     762     212.80      89.328      102.04     0.12136    
     763     204.39      101.20      111.23     0.13881    
     764     201.30      112.86      102.24     0.12135    
     765     191.43      123.97      110.99     0.13881    
     766     187.22      134.94      102.49     0.12135    
     767     175.95      145.10      110.69     0.13881    
     768     170.72      155.28      102.80     0.12136    
     769     158.14      164.32      110.35     0.13881    
     770     152.02      173.62      103.17     0.12136    
     771     138.25      181.36      109.96     0.13881    
     772     131.36      189.72      103.58     0.12136    
     773     116.53      196.01      109.52     0.13881    
     774     109.01      203.38      104.03     0.12135    
     775     93.281      208.08      109.00     0.13881    
     776     85.263      214.41      104.53     0.12135    
     777     68.800      217.39      108.44     0.13880    
     778     60.416      222.69      105.10     0.12135    
     779     43.413      223.84      107.84     0.13879    
     780     34.793      228.09      105.71     0.12133    
     781     17.455      227.33      107.18     0.13876    
     782     8.7238      230.55      106.39     0.12129    
     783     8.7171     -238.69      106.25     0.69090E-01
     784     17.441     -235.49      107.00     0.86482E-01
     785     34.773     -236.32      105.64     0.69119E-01
     786     43.394     -232.13      107.62     0.86507E-01
     787     60.414     -231.11      105.07     0.69128E-01
     788     68.816     -225.91      108.20     0.86516E-01
     789     85.331     -223.12      104.55     0.69131E-01
     790     93.394     -216.92      108.72     0.86519E-01
     791     109.23     -212.46      104.06     0.69131E-01
     792     116.83     -205.26      109.19     0.86517E-01
     793     131.81     -199.24      103.63     0.69130E-01
     794     138.83     -191.08      109.62     0.86518E-01
     795     152.82     -183.64      103.24     0.69132E-01
     796     159.12     -174.55      110.00     0.86520E-01
     797     171.99     -165.82      102.90     0.69132E-01
     798     177.46     -155.87      110.33     0.86518E-01
     799     189.10     -146.02      102.60     0.69129E-01
     800     193.62     -135.28      110.61     0.86514E-01
     801     203.94     -124.46      102.34     0.69127E-01
     802     207.41     -113.03      110.85     0.86513E-01
     803     216.33     -101.41      102.14     0.69127E-01
     804     218.64     -89.383      111.05     0.86514E-01
     805     226.13     -77.146      101.99     0.69128E-01
     806     227.19     -64.642      111.19     0.86515E-01
     807     233.21     -51.951      101.87     0.69128E-01
     808     232.95     -39.106      111.28     0.86513E-01
     809     237.50     -26.132      101.80     0.69126E-01
     810     235.85     -13.089      111.33     0.86511E-01
     811     238.93      0.0000      101.77     0.69125E-01
     812     235.85      13.089      111.33     0.86511E-01
     813     237.50      26.132      101.80     0.69126E-01
     814     232.95      39.105      111.28     0.86514E-01
     815     233.21      51.951      101.87     0.69129E-01
     816     227.19      64.642      111.19     0.86516E-01
     817     226.13      77.146      101.99     0.69128E-01
     818     218.64      89.383      111.05     0.86514E-01
     819     216.33      101.41      102.14     0.69127E-01
     820     207.41      113.03      110.85     0.86514E-01
     821     203.94      124.46      102.34     0.69127E-01
     822     193.62      135.28      110.61     0.86513E-01
     823     189.10      146.02      102.60     0.69129E-01
     824     177.46      155.87      110.33     0.86517E-01
     825     171.99      165.82      102.90     0.69131E-01
     826     159.12      174.55      110.00     0.86517E-01
     827     152.82      183.64      103.24     0.69130E-01
     828     138.83      191.08      109.62     0.86515E-01
     829     131.81      199.24      103.63     0.69127E-01
     830     116.83      205.26      109.19     0.86513E-01
     831     109.23      212.46      104.06     0.69127E-01
     832     93.394      216.92      108.72     0.86514E-01
     833     85.331      223.12      104.55     0.69128E-01
     834     68.816      225.91      108.20     0.86511E-01
     835     60.414      231.11      105.07     0.69124E-01
     836     43.394      232.13      107.62     0.86502E-01
     837     34.773      236.32      105.64     0.69114E-01
     838     17.441      235.49      107.00     0.86477E-01
     839     8.7171      238.69      106.25     0.69086E-01
     840     8.7107     -246.84      106.16     0.17235E-01
     841     17.428     -243.65      106.85     0.34479E-01
     842     34.754     -244.54      105.58     0.17244E-01
     843     43.375     -240.40      107.44     0.34492E-01
     844     60.409     -239.51      105.05     0.17248E-01
     845     68.827     -234.40      107.96     0.34496E-01
     846     85.390     -231.79      104.55     0.17248E-01
     847     93.492     -225.71      108.45     0.34496E-01
     848     109.42     -221.47      104.09     0.17248E-01
     849     117.09     -214.43      108.89     0.34495E-01
     850     132.22     -208.67      103.67     0.17247E-01
     851     139.34     -200.69      109.30     0.34496E-01
     852     153.54     -193.53      103.31     0.17248E-01
     853     160.00     -184.65      109.67     0.34497E-01
     854     173.14     -176.22      102.98     0.17249E-01
     855     178.82     -166.49      109.99     0.34497E-01
     856     190.80     -156.94      102.69     0.17248E-01
     857     195.60     -146.42      110.27     0.34495E-01
     858     206.32     -135.89      102.44     0.17247E-01
     859     210.13     -124.68      110.50     0.34494E-01
     860     219.53     -113.33      102.23     0.17247E-01
     861     222.26     -101.50      110.68     0.34493E-01
     862     230.28     -89.489      102.06     0.17246E-01
     863     231.84     -77.163      110.84     0.34494E-01
     864     238.45     -64.647      101.95     0.17247E-01
     865     238.76     -51.939      110.95     0.34495E-01
     866     243.95     -39.080      101.86     0.17247E-01
     867     242.95     -26.119      111.01     0.34493E-01
     868     246.72     -13.076      101.82     0.17246E-01
     869     244.35      0.0000      111.03     0.34493E-01
     870     246.72      13.076      101.82     0.17246E-01
     871     242.95      26.119      111.01     0.34494E-01
     872     243.95      39.080      101.86     0.17247E-01
     873     238.76      51.939      110.95     0.34495E-01
     874     238.45      64.647      101.95     0.17248E-01
     875     231.84      77.163      110.84     0.34494E-01
     876     230.28      89.488      102.06     0.17246E-01
     877     222.26      101.50      110.68     0.34494E-01
     878     219.53      113.33      102.23     0.17247E-01
     879     210.13      124.68      110.50     0.34494E-01
     880     206.32      135.89      102.44     0.17247E-01
     881     195.60      146.42      110.27     0.34495E-01
     882     190.80      156.94      102.69     0.17248E-01
     883     178.82      166.49      109.99     0.34496E-01
     884     173.14      176.22      102.98     0.17248E-01
     885     160.00      184.65      109.67     0.34496E-01
     886     153.54      193.53      103.31     0.17248E-01
     887     139.34      200.69      109.30     0.34494E-01
     888     132.22      208.67      103.67     0.17247E-01
     889     117.09      214.43      108.89     0.34494E-01
     890     109.42      221.47      104.09     0.17247E-01
     891     93.492      225.71      108.45     0.34494E-01
     892     85.390      231.79      104.55     0.17247E-01
     893     68.827      234.40      107.96     0.34494E-01
     894     60.409      239.51      105.05     0.17247E-01
     895     43.375      240.40      107.44     0.34490E-01
     896     34.754      244.54      105.58     0.17243E-01
     897     17.428      243.65      106.85     0.34477E-01
     898     8.7107      246.84      106.16     0.17234E-01
