# PIMCID: 123456789
#  nodes  elems                 w             thick             young           poisson            radius          pressure
     494    898   0.147744446E+03   0.500000000E+01   0.203943008E+05   0.289999992E+00   0.250000000E+03   0.141000003E+00
     494    898   0.854330215E+02   0.600000000E+01   0.203943008E+05   0.289999992E+00   0.250000000E+03   0.141000003E+00
     494    898   0.543186722E+02   0.700000000E+01   0.203943008E+05   0.289999992E+00   0.250000000E+03   0.141000003E+00
     494    898   0.366161957E+02   0.800000000E+01   0.203943008E+05   0.289999992E+00   0.250000000E+03   0.141000003E+00
     494    898   0.258306904E+02   0.900000000E+01   0.203943008E+05   0.289999992E+00   0.250000000E+03   0.141000003E+00
     494    898   0.188899269E+02   0.100000000E+02   0.203943008E+05   0.289999992E+00   0.250000000E+03   0.141000003E+00
     494    898   0.141514912E+02   0.110000000E+02   0.203943008E+05   0.289999992E+00   0.250000000E+03   0.141000003E+00
     494    898   0.109491549E+02   0.120000000E+02   0.203943008E+05   0.289999992E+00   0.250000000E+03   0.141000003E+00
     494    898   0.862709045E+01   0.130000000E+02   0.203943008E+05   0.289999992E+00   0.250000000E+03   0.141000003E+00
     494    898   0.692446423E+01   0.140000000E+02   0.203943008E+05   0.289999992E+00   0.250000000E+03   0.141000003E+00
     494    898   0.563533258E+01   0.150000000E+02   0.203943008E+05   0.289999992E+00   0.250000000E+03   0.141000003E+00
     494    898   0.464783669E+01   0.160000000E+02   0.203943008E+05   0.289999992E+00   0.250000000E+03   0.141000003E+00
     494    898   0.388128734E+01   0.170000000E+02   0.203943008E+05   0.289999992E+00   0.250000000E+03   0.141000003E+00
     494    898   0.327147913E+01   0.180000000E+02   0.203943008E+05   0.289999992E+00   0.250000000E+03   0.141000003E+00
     494    898   0.278326702E+01   0.190000000E+02   0.203943008E+05   0.289999992E+00   0.250000000E+03   0.141000003E+00
     494    898   0.238846636E+01   0.200000000E+02   0.203943008E+05   0.289999992E+00   0.250000000E+03   0.141000003E+00
     494    898   0.206409454E+01   0.210000000E+02   0.203943008E+05   0.289999992E+00   0.250000000E+03   0.141000003E+00
     494    898   0.179628146E+01   0.220000000E+02   0.203943008E+05   0.289999992E+00   0.250000000E+03   0.141000003E+00
     494    898   0.157406056E+01   0.230000000E+02   0.203943008E+05   0.289999992E+00   0.250000000E+03   0.141000003E+00
     494    898   0.138729846E+01   0.240000000E+02   0.203943008E+05   0.289999992E+00   0.250000000E+03   0.141000003E+00
     494    898   0.122859502E+01   0.250000000E+02   0.203943008E+05   0.289999992E+00   0.250000000E+03   0.141000003E+00
     494    898   0.109327805E+01   0.260000000E+02   0.203943008E+05   0.289999992E+00   0.250000000E+03   0.141000003E+00
     494    898   0.977207839E+00   0.270000000E+02   0.203943008E+05   0.289999992E+00   0.250000000E+03   0.141000003E+00
     494    898   0.877197027E+00   0.280000000E+02   0.203943008E+05   0.289999992E+00   0.250000000E+03   0.141000003E+00
     494    898   0.790468931E+00   0.290000000E+02   0.203943008E+05   0.289999992E+00   0.250000000E+03   0.141000003E+00
     494    898   0.714889824E+00   0.300000000E+02   0.203943008E+05   0.289999992E+00   0.250000000E+03   0.141000003E+00
     494    898   0.648526490E+00   0.310000000E+02   0.203943008E+05   0.289999992E+00   0.250000000E+03   0.141000003E+00
     494    898   0.590340555E+00   0.320000000E+02   0.203943008E+05   0.289999992E+00   0.250000000E+03   0.141000003E+00
     494    898   0.538824975E+00   0.330000000E+02   0.203943008E+05   0.289999992E+00   0.250000000E+03   0.141000003E+00
     494    898   0.493348956E+00   0.340000000E+02   0.203943008E+05   0.289999992E+00   0.250000000E+03   0.141000003E+00
     494    898   0.452766329E+00   0.350000000E+02   0.203943008E+05   0.289999992E+00   0.250000000E+03   0.141000003E+00
     494    898   0.416533381E+00   0.360000000E+02   0.203943008E+05   0.289999992E+00   0.250000000E+03   0.141000003E+00
     494    898   0.384219706E+00   0.370000000E+02   0.203943008E+05   0.289999992E+00   0.250000000E+03   0.141000003E+00
     494    898   0.355092138E+00   0.380000000E+02   0.203943008E+05   0.289999992E+00   0.250000000E+03   0.141000003E+00
     494    898   0.328891426E+00   0.390000000E+02   0.203943008E+05   0.289999992E+00   0.250000000E+03   0.141000003E+00
     494    898   0.305243522E+00   0.400000000E+02   0.203943008E+05   0.289999992E+00   0.250000000E+03   0.141000003E+00
     494    898   0.283809960E+00   0.410000000E+02   0.203943008E+05   0.289999992E+00   0.250000000E+03   0.141000003E+00
     494    898   0.264427066E+00   0.420000000E+02   0.203943008E+05   0.289999992E+00   0.250000000E+03   0.141000003E+00
     494    898   0.246795237E+00   0.430000000E+02   0.203943008E+05   0.289999992E+00   0.250000000E+03   0.141000003E+00
     494    898   0.230663836E+00   0.440000000E+02   0.203943008E+05   0.289999992E+00   0.250000000E+03   0.141000003E+00
     494    898   0.215959787E+00   0.450000000E+02   0.203943008E+05   0.289999992E+00   0.250000000E+03   0.141000003E+00
     494    898   0.202507347E+00   0.460000000E+02   0.203943008E+05   0.289999992E+00   0.250000000E+03   0.141000003E+00
     494    898   0.190123573E+00   0.470000000E+02   0.203943008E+05   0.289999992E+00   0.250000000E+03   0.141000003E+00
     494    898   0.178799793E+00   0.480000000E+02   0.203943008E+05   0.289999992E+00   0.250000000E+03   0.141000003E+00
     494    898   0.168339565E+00   0.490000000E+02   0.203943008E+05   0.289999992E+00   0.250000000E+03   0.141000003E+00
     494    898   0.158703804E+00   0.500000000E+02   0.203943008E+05   0.289999992E+00   0.250000000E+03   0.141000003E+00
     494    898   0.149824128E+00   0.510000000E+02   0.203943008E+05   0.289999992E+00   0.250000000E+03   0.141000003E+00
     494    898   0.141571790E+00   0.520000000E+02   0.203943008E+05   0.289999992E+00   0.250000000E+03   0.141000003E+00
     494    898   0.133934736E+00   0.530000000E+02   0.203943008E+05   0.289999992E+00   0.250000000E+03   0.141000003E+00
     494    898   0.126863331E+00   0.540000000E+02   0.203943008E+05   0.289999992E+00   0.250000000E+03   0.141000003E+00
     494    898   0.120288603E+00   0.550000000E+02   0.203943008E+05   0.289999992E+00   0.250000000E+03   0.141000003E+00
     494    898   0.114168338E+00   0.560000000E+02   0.203943008E+05   0.289999992E+00   0.250000000E+03   0.141000003E+00
     494    898   0.108462542E+00   0.570000000E+02   0.203943008E+05   0.289999992E+00   0.250000000E+03   0.141000003E+00
     494    898   0.103149153E+00   0.580000000E+02   0.203943008E+05   0.289999992E+00   0.250000000E+03   0.141000003E+00
     494    898   0.981840268E-01   0.590000000E+02   0.203943008E+05   0.289999992E+00   0.250000000E+03   0.141000003E+00
     494    898   0.935333595E-01   0.600000000E+02   0.203943008E+05   0.289999992E+00   0.250000000E+03   0.141000003E+00
     494    898   0.891884640E-01   0.610000000E+02   0.203943008E+05   0.289999992E+00   0.250000000E+03   0.141000003E+00
     494    898   0.851145014E-01   0.620000000E+02   0.203943008E+05   0.289999992E+00   0.250000000E+03   0.141000003E+00
     494    898   0.812946633E-01   0.630000000E+02   0.203943008E+05   0.289999992E+00   0.250000000E+03   0.141000003E+00
     494    898   0.777028501E-01   0.640000000E+02   0.203943008E+05   0.289999992E+00   0.250000000E+03   0.141000003E+00
     494    898   0.743282065E-01   0.650000000E+02   0.203943008E+05   0.289999992E+00   0.250000000E+03   0.141000003E+00
     494    898   0.711487755E-01   0.660000000E+02   0.203943008E+05   0.289999992E+00   0.250000000E+03   0.141000003E+00
     494    898   0.681605190E-01   0.670000000E+02   0.203943008E+05   0.289999992E+00   0.250000000E+03   0.141000003E+00
     494    898   0.653377697E-01   0.680000000E+02   0.203943008E+05   0.289999992E+00   0.250000000E+03   0.141000003E+00
     494    898   0.626762211E-01   0.690000000E+02   0.203943008E+05   0.289999992E+00   0.250000000E+03   0.141000003E+00
     494    898   0.601615906E-01   0.700000000E+02   0.203943008E+05   0.289999992E+00   0.250000000E+03   0.141000003E+00
     494    898   0.577856340E-01   0.710000000E+02   0.203943008E+05   0.289999992E+00   0.250000000E+03   0.141000003E+00
     494    898   0.555365756E-01   0.720000000E+02   0.203943008E+05   0.289999992E+00   0.250000000E+03   0.141000003E+00
     494    898   0.534096844E-01   0.730000000E+02   0.203943008E+05   0.289999992E+00   0.250000000E+03   0.141000003E+00
     494    898   0.513928793E-01   0.740000000E+02   0.203943008E+05   0.289999992E+00   0.250000000E+03   0.141000003E+00
     494    898   0.494830050E-01   0.750000000E+02   0.203943008E+05   0.289999992E+00   0.250000000E+03   0.141000003E+00
     494    898   0.476697944E-01   0.760000000E+02   0.203943008E+05   0.289999992E+00   0.250000000E+03   0.141000003E+00
     494    898   0.459472314E-01   0.770000000E+02   0.203943008E+05   0.289999992E+00   0.250000000E+03   0.141000003E+00
     494    898   0.443133265E-01   0.780000000E+02   0.203943008E+05   0.289999992E+00   0.250000000E+03   0.141000003E+00
     494    898   0.427547805E-01   0.790000000E+02   0.203943008E+05   0.289999992E+00   0.250000000E+03   0.141000003E+00
     494    898   0.412747711E-01   0.800000000E+02   0.203943008E+05   0.289999992E+00   0.250000000E+03   0.141000003E+00
     494    898   0.398651250E-01   0.810000000E+02   0.203943008E+05   0.289999992E+00   0.250000000E+03   0.141000003E+00
     494    898   0.385214314E-01   0.820000000E+02   0.203943008E+05   0.289999992E+00   0.250000000E+03   0.141000003E+00
     494    898   0.372423604E-01   0.830000000E+02   0.203943008E+05   0.289999992E+00   0.250000000E+03   0.141000003E+00
     494    898   0.360220857E-01   0.840000000E+02   0.203943008E+05   0.289999992E+00   0.250000000E+03   0.141000003E+00
     494    898   0.348557718E-01   0.850000000E+02   0.203943008E+05   0.289999992E+00   0.250000000E+03   0.141000003E+00
     494    898   0.337449685E-01   0.860000000E+02   0.203943008E+05   0.289999992E+00   0.250000000E+03   0.141000003E+00
     494    898   0.326812714E-01   0.870000000E+02   0.203943008E+05   0.289999992E+00   0.250000000E+03   0.141000003E+00
     494    898   0.316643678E-01   0.880000000E+02   0.203943008E+05   0.289999992E+00   0.250000000E+03   0.141000003E+00
     494    898   0.306930393E-01   0.890000000E+02   0.203943008E+05   0.289999992E+00   0.250000000E+03   0.141000003E+00
     494    898   0.297614243E-01   0.900000000E+02   0.203943008E+05   0.289999992E+00   0.250000000E+03   0.141000003E+00
     494    898   0.288708843E-01   0.910000000E+02   0.203943008E+05   0.289999992E+00   0.250000000E+03   0.141000003E+00
     494    898   0.280173030E-01   0.920000000E+02   0.203943008E+05   0.289999992E+00   0.250000000E+03   0.141000003E+00
     494    898   0.271998439E-01   0.930000000E+02   0.203943008E+05   0.289999992E+00   0.250000000E+03   0.141000003E+00
     494    898   0.264154132E-01   0.940000000E+02   0.203943008E+05   0.289999992E+00   0.250000000E+03   0.141000003E+00
     494    898   0.256628189E-01   0.950000000E+02   0.203943008E+05   0.289999992E+00   0.250000000E+03   0.141000003E+00
     494    898   0.249418989E-01   0.960000000E+02   0.203943008E+05   0.289999992E+00   0.250000000E+03   0.141000003E+00
     494    898   0.242484994E-01   0.970000000E+02   0.203943008E+05   0.289999992E+00   0.250000000E+03   0.141000003E+00
     494    898   0.235823952E-01   0.980000000E+02   0.203943008E+05   0.289999992E+00   0.250000000E+03   0.141000003E+00
     494    898   0.229421314E-01   0.990000000E+02   0.203943008E+05   0.289999992E+00   0.250000000E+03   0.141000003E+00
     494    898   0.223264135E-01   0.100000000E+03   0.203943008E+05   0.289999992E+00   0.250000000E+03   0.141000003E+00
